    unsorted:	 1542.062811 1542.062823 1542.125688 1542.127845 1530.610341 1569.646185 1493.279335 1663.528043 1701.458993 1723.579999 1466.537757 1837.722830 1871.257740 1936.183239 1948.931929 2018.557665 2225.590891 2096.148795 2164.394151 2233.138603 2291.207901 2414.845416 1388.136684 2473.550815 2502.651688 2582.553413 2635.471165 2776.544124 2780.648144 2735.904057 2884.887011 1335.069312 3018.969564 3058.493408 3090.277415 3175.133284 3204.628327 3299.262145 3374.894962 3421.238898 3465.646276 3527.529199 3608.000278 3655.240497 1151.682352 3840.278120 3856.289749 3973.745086 4063.882446 1083.170259 4199.847221 4325.513194 4448.037796 867.2376481 4663.092864 4770.649190 4993.606802 661.3834890 5244.790829 5388.269861 5429.723581 16.33222150 5981.692601 6176.897865 6452.803388 6798.917661 6995.294181 7270.039668 7607.871167 8191.275494 8746.364304 9491.414737 9925.841363 10397.64295 11151.65276 12146.44738 13339.94114 14230.22699 15970.47753 16827.58231 18633.53780 20633.47532 21464.95195 70298.73174 65237.79991 678644.5473 79919306.46 79716796.16 79568205.47 80290489.28 83666939.32 83613203.02 74335389.60 103639331.6 104227826.7 104739177.6 101697249.5 100754271.2 98529433.81 90663369.28 111795898.6 112073069.8 114465694.3 119198675.8 119143136.8 117123097.2 121643239.5 123072919.3 69920598.45 66439428.77 62512736.64 60516873.55 60323042.86 129270797.8 130450148.2 51044292.57 48039472.07 42119786.38 41972943.92 149745693.6 150226077.7 151099531.9 146489833.9 158023738.7 2783547.082 179497952.1 180105388.6 181341071.1 177319494.9 182436877.5 187750426.1 188516135.5 196144297.1 208194600.8 214848920.4 216269074.3 223865946.7 225468790.9 239471478.7 248212927.2 247857046.9 251295965.8 254071006.9 273160549.2 276480858.9 296420762.0 300549642.4 313987306.7 336107290.5 336046098.1 336903274.3 355526388.3 372920648.2 377173868.9 395594539.4 431335148.0 440584996.0
      sorted:	 16.33222150 661.3834890 867.2376481 1083.170259 1151.682352 1335.069312 1388.136684 1466.537757 1493.279335 1530.610341 1542.062811 1542.062823 1542.125688 1542.127845 1569.646185 1663.528043 1701.458993 1723.579999 1837.722830 1871.257740 1936.183239 1948.931929 2018.557665 2096.148795 2164.394151 2225.590891 2233.138603 2291.207901 2414.845416 2473.550815 2502.651688 2582.553413 2635.471165 2735.904057 2776.544124 2780.648144 2884.887011 3018.969564 3058.493408 3090.277415 3175.133284 3204.628327 3299.262145 3374.894962 3421.238898 3465.646276 3527.529199 3608.000278 3655.240497 3840.278120 3856.289749 3973.745086 4063.882446 4199.847221 4325.513194 4448.037796 4663.092864 4770.649190 4993.606802 5244.790829 5388.269861 5429.723581 5981.692601 6176.897865 6452.803388 6798.917661 6995.294181 7270.039668 7607.871167 8191.275494 8746.364304 9491.414737 9925.841363 10397.64295 11151.65276 12146.44738 13339.94114 14230.22699 15970.47753 16827.58231 18633.53780 20633.47532 21464.95195 65237.79991 70298.73174 678644.5473 2783547.082 41972943.92 42119786.38 48039472.07 51044292.57 60323042.86 60516873.55 62512736.64 66439428.77 69920598.45 74335389.60 79568205.47 79716796.16 79919306.46 80290489.28 83613203.02 83666939.32 90663369.28 98529433.81 100754271.2 101697249.5 103639331.6 104227826.7 104739177.6 111795898.6 112073069.8 114465694.3 117123097.2 119143136.8 119198675.8 121643239.5 123072919.3 129270797.8 130450148.2 146489833.9 149745693.6 150226077.7 151099531.9 158023738.7 177319494.9 179497952.1 180105388.6 181341071.1 182436877.5 187750426.1 188516135.5 196144297.1 208194600.8 214848920.4 216269074.3 223865946.7 225468790.9 239471478.7 247857046.9 248212927.2 251295965.8 254071006.9 273160549.2 276480858.9 296420762.0 300549642.4 313987306.7 336046098.1 336107290.5 336903274.3 355526388.3 372920648.2 377173868.9 395594539.4 431335148.0 440584996.0
