    unsorted:	 1542.081839 1542.081849 1542.125688 1542.141139 1537.985560 1641.547050 1645.536295 1686.295267 1500.669547 1458.644353 1444.295470 1818.216031 1811.985758 1887.710518 1901.395568 1997.460709 2054.577339 2102.601240 2170.269034 2229.328381 2218.200333 1384.822011 2349.148490 2436.889229 2459.619736 2514.404712 2566.743706 2659.498763 2710.740221 2810.392958 2784.255765 2957.457668 1301.402701 3025.253685 3061.293101 3142.405315 3164.012589 3261.747993 3370.893843 3374.512240 3492.170597 3498.439639 3597.413628 3632.637726 1097.701406 3829.608010 3842.895433 1033.347988 3984.237307 4056.051184 4219.967634 4316.734998 4432.335927 787.6356181 4673.487838 4783.170206 661.8533335 4995.391469 5248.648132 5327.370288 5415.324134 16.33641885 5988.056530 6199.590092 6575.434886 6790.049195 7103.513350 7331.906990 7637.842627 8333.698782 8773.056337 9590.524335 10060.60517 10530.24681 11432.59971 12403.03860 13593.06292 14438.01331 16010.18147 17134.76723 18811.18140 20727.02232 22408.44045 70302.34610 64609.86257 674992.8301 112210741.2 112239023.7 112806601.7 108771451.0 108368806.7 105644038.5 119935103.6 120532445.7 123074629.3 126244117.7 127385849.5 128046080.7 130937058.9 132286258.6 85614425.28 85551229.37 85294622.76 86248717.34 89829316.66 89591568.13 98726599.15 79784262.97 137974404.0 75025485.43 140718304.8 71321641.97 67038752.81 64946799.09 64759164.58 54789421.39 51536264.10 161130889.6 161641197.8 157623426.5 162767544.6 170596555.9 45180760.77 45015771.03 2766482.713 194342720.4 193847372.4 195872854.4 196719749.1 191121670.5 200235182.7 201367142.3 211159911.4 221589220.6 231476657.0 233509028.2 241846258.7 243327921.0 258659316.0 264100206.8 265378179.8 267304647.6 268666279.4 287970155.9 293525502.2 316596836.7 320235355.2 333765341.9 356036560.6 356547198.5 355097194.2 374113490.2 393595114.0 396400485.6 419485681.2 454998875.1 462299237.9
      sorted:	 16.33641885 661.8533335 787.6356181 1033.347988 1097.701406 1301.402701 1384.822011 1444.295470 1458.644353 1500.669547 1537.985560 1542.081839 1542.081849 1542.125688 1542.141139 1641.547050 1645.536295 1686.295267 1811.985758 1818.216031 1887.710518 1901.395568 1997.460709 2054.577339 2102.601240 2170.269034 2218.200333 2229.328381 2349.148490 2436.889229 2459.619736 2514.404712 2566.743706 2659.498763 2710.740221 2784.255765 2810.392958 2957.457668 3025.253685 3061.293101 3142.405315 3164.012589 3261.747993 3370.893843 3374.512240 3492.170597 3498.439639 3597.413628 3632.637726 3829.608010 3842.895433 3984.237307 4056.051184 4219.967634 4316.734998 4432.335927 4673.487838 4783.170206 4995.391469 5248.648132 5327.370288 5415.324134 5988.056530 6199.590092 6575.434886 6790.049195 7103.513350 7331.906990 7637.842627 8333.698782 8773.056337 9590.524335 10060.60517 10530.24681 11432.59971 12403.03860 13593.06292 14438.01331 16010.18147 17134.76723 18811.18140 20727.02232 22408.44045 64609.86257 70302.34610 674992.8301 2766482.713 45015771.03 45180760.77 51536264.10 54789421.39 64759164.58 64946799.09 67038752.81 71321641.97 75025485.43 79784262.97 85294622.76 85551229.37 85614425.28 86248717.34 89591568.13 89829316.66 98726599.15 105644038.5 108368806.7 108771451.0 112210741.2 112239023.7 112806601.7 119935103.6 120532445.7 123074629.3 126244117.7 127385849.5 128046080.7 130937058.9 132286258.6 137974404.0 140718304.8 157623426.5 161130889.6 161641197.8 162767544.6 170596555.9 191121670.5 193847372.4 194342720.4 195872854.4 196719749.1 200235182.7 201367142.3 211159911.4 221589220.6 231476657.0 233509028.2 241846258.7 243327921.0 258659316.0 264100206.8 265378179.8 267304647.6 268666279.4 287970155.9 293525502.2 316596836.7 320235355.2 333765341.9 355097194.2 356036560.6 356547198.5 374113490.2 393595114.0 396400485.6 419485681.2 454998875.1 462299237.9
