    unsorted:	 1542.125688 1542.114520 1542.114851 1542.358932 2026.621887 2029.228026 2037.266930 1971.767345 1952.074307 1843.670960 2197.079177 2185.363621 2131.295890 1862.921447 1790.155427 1776.464587 1772.240349 2272.670537 2296.991013 2352.664662 2372.431165 2447.131842 2504.603112 2485.839543 1637.050391 1614.994141 1531.620783 1510.376403 2608.095859 2691.419241 2705.483711 2789.209079 2847.772794 1460.661733 2941.120883 3057.432568 3032.267535 3137.610364 1370.616895 3263.387717 3299.615557 1286.071948 3448.173090 3502.016340 3524.294612 1190.526726 3700.582214 3753.875935 3886.952669 4035.844942 973.0097095 927.7383155 4155.257334 4288.743312 4399.394591 4535.725485 4633.667877 4872.061316 408.4381780 5109.322871 5391.913025 5571.665047 14.61088425 5795.416992 6009.488951 6221.150303 6541.545500 7030.637238 7305.974516 7545.485736 7978.362783 8296.863630 8723.474008 8967.351923 9411.189488 9791.760344 10205.75990 10335.24929 11549.74526 12062.65946 13309.05016 13558.56902 16508.84995 17017.34819 70459.84337 79407.50537 690163.7102 686274.6059 704044.5839 659722.3910 630843.6940 631994.6368 611393.7356 590877.5772 578516.3044 551673.7644 524658.1229 502106.6088 507890.5102 763212.7897 835366.7315 825576.2923 862477.8241 862123.5726 901429.8041 910223.4084 955024.9649 957263.1619 944511.3933 995729.0038 1000965.258 1024431.380 1032963.212 463406.7012 1091004.489 1102407.600 1135470.836 1148127.266 1217205.813 1216483.625 1215940.220 1191770.462 1247481.909 1251577.581 1270445.898 1271155.403 1286977.089 399059.3892 344366.9343 1381752.261 1406226.843 1442747.524 1444551.229 1456779.750 1467752.368 1491438.342 1508997.689 1552808.078 1617577.722 1621631.151 1644082.103 1658118.775 1684372.680 1701090.571 1756706.383 1774024.923 1808127.701 1908836.796 2015380.724 1996799.486 2023730.831 2109143.416 2211024.584 2476921.044 2545714.604 3018697.706 3353834.877 22413284.75
      sorted:	 14.61088425 408.4381780 927.7383155 973.0097095 1190.526726 1286.071948 1370.616895 1460.661733 1510.376403 1531.620783 1542.114520 1542.114851 1542.125688 1542.358932 1614.994141 1637.050391 1772.240349 1776.464587 1790.155427 1843.670960 1862.921447 1952.074307 1971.767345 2026.621887 2029.228026 2037.266930 2131.295890 2185.363621 2197.079177 2272.670537 2296.991013 2352.664662 2372.431165 2447.131842 2485.839543 2504.603112 2608.095859 2691.419241 2705.483711 2789.209079 2847.772794 2941.120883 3032.267535 3057.432568 3137.610364 3263.387717 3299.615557 3448.173090 3502.016340 3524.294612 3700.582214 3753.875935 3886.952669 4035.844942 4155.257334 4288.743312 4399.394591 4535.725485 4633.667877 4872.061316 5109.322871 5391.913025 5571.665047 5795.416992 6009.488951 6221.150303 6541.545500 7030.637238 7305.974516 7545.485736 7978.362783 8296.863630 8723.474008 8967.351923 9411.189488 9791.760344 10205.75990 10335.24929 11549.74526 12062.65946 13309.05016 13558.56902 16508.84995 17017.34819 70459.84337 79407.50537 344366.9343 399059.3892 463406.7012 502106.6088 507890.5102 524658.1229 551673.7644 578516.3044 590877.5772 611393.7356 630843.6940 631994.6368 659722.3910 686274.6059 690163.7102 704044.5839 763212.7897 825576.2923 835366.7315 862123.5726 862477.8241 901429.8041 910223.4084 944511.3933 955024.9649 957263.1619 995729.0038 1000965.258 1024431.380 1032963.212 1091004.489 1102407.600 1135470.836 1148127.266 1191770.462 1215940.220 1216483.625 1217205.813 1247481.909 1251577.581 1270445.898 1271155.403 1286977.089 1381752.261 1406226.843 1442747.524 1444551.229 1456779.750 1467752.368 1491438.342 1508997.689 1552808.078 1617577.722 1621631.151 1644082.103 1658118.775 1684372.680 1701090.571 1756706.383 1774024.923 1808127.701 1908836.796 1996799.486 2015380.724 2023730.831 2109143.416 2211024.584 2476921.044 2545714.604 3018697.706 3353834.877 22413284.75
