    unsorted:	 1542.125688 1542.110056 1542.110547 1542.394849 2233.083279 2236.798456 2106.637061 2088.104846 2061.038831 2166.837762 1967.496759 1979.181762 1893.166118 1913.572426 2361.844129 2386.906525 2336.203718 2429.720113 2506.035570 1793.112915 1784.609490 2574.505360 1685.911844 1609.147455 1531.365492 2651.148727 2665.137512 2735.946082 2796.593055 1492.856085 2863.394367 2896.703924 3001.681469 1430.329311 1409.499895 3054.893235 3070.999121 1308.827321 1296.030072 3214.614643 3263.760789 3405.026535 3454.436574 3499.617387 3689.113151 1123.163568 3725.645211 3866.770789 1038.264479 4025.098962 4134.578639 4295.237446 4347.092968 836.8703136 4533.731686 4630.614681 4887.374205 5024.771453 5153.006179 451.0112998 5491.183669 5631.994559 6004.331234 6247.656822 6551.268572 7193.507339 7366.847130 7651.328188 8328.759225 8458.447387 9299.330612 9478.043041 9971.725384 10465.70598 10499.43283 10767.84843 11600.77049 11990.86113 12597.24538 13499.07120 13793.06526 16779.83203 17312.04842 27419.11741 70455.37958 79597.50117 675494.0486 677157.8077 685246.5626 650443.2489 621579.9905 618152.8041 595337.9207 581038.5116 712578.1681 559812.3156 512053.8669 526866.6181 500169.7809 773828.3734 816607.0723 827880.3420 855971.3562 860163.8177 923810.0718 931558.2718 463549.7938 959230.3680 987210.4044 997897.9313 1032514.887 1025439.164 1056457.498 1114026.204 1119892.151 1141658.504 1146074.899 1171154.102 1201896.704 1218177.816 1228433.886 1244919.958 1269181.986 1276914.747 1303528.619 1307436.472 1312987.544 399223.3260 345172.8996 1401051.274 1440841.585 1471035.825 1477742.288 1479268.177 1487161.721 1523487.828 1540159.819 1570758.905 1640121.335 1654036.812 1676877.687 1701173.263 1718705.210 1739202.604 1777680.255 1799363.473 1836263.024 1936906.714 2000114.094 2049750.864 2038508.226 2146092.632 2259828.239 2496478.260 2568918.066 3058094.074 4463492.861 22484908.08
      sorted:	 451.0112998 836.8703136 1038.264479 1123.163568 1296.030072 1308.827321 1409.499895 1430.329311 1492.856085 1531.365492 1542.110056 1542.110547 1542.125688 1542.394849 1609.147455 1685.911844 1784.609490 1793.112915 1893.166118 1913.572426 1967.496759 1979.181762 2061.038831 2088.104846 2106.637061 2166.837762 2233.083279 2236.798456 2336.203718 2361.844129 2386.906525 2429.720113 2506.035570 2574.505360 2651.148727 2665.137512 2735.946082 2796.593055 2863.394367 2896.703924 3001.681469 3054.893235 3070.999121 3214.614643 3263.760789 3405.026535 3454.436574 3499.617387 3689.113151 3725.645211 3866.770789 4025.098962 4134.578639 4295.237446 4347.092968 4533.731686 4630.614681 4887.374205 5024.771453 5153.006179 5491.183669 5631.994559 6004.331234 6247.656822 6551.268572 7193.507339 7366.847130 7651.328188 8328.759225 8458.447387 9299.330612 9478.043041 9971.725384 10465.70598 10499.43283 10767.84843 11600.77049 11990.86113 12597.24538 13499.07120 13793.06526 16779.83203 17312.04842 27419.11741 70455.37958 79597.50117 345172.8996 399223.3260 463549.7938 500169.7809 512053.8669 526866.6181 559812.3156 581038.5116 595337.9207 618152.8041 621579.9905 650443.2489 675494.0486 677157.8077 685246.5626 712578.1681 773828.3734 816607.0723 827880.3420 855971.3562 860163.8177 923810.0718 931558.2718 959230.3680 987210.4044 997897.9313 1025439.164 1032514.887 1056457.498 1114026.204 1119892.151 1141658.504 1146074.899 1171154.102 1201896.704 1218177.816 1228433.886 1244919.958 1269181.986 1276914.747 1303528.619 1307436.472 1312987.544 1401051.274 1440841.585 1471035.825 1477742.288 1479268.177 1487161.721 1523487.828 1540159.819 1570758.905 1640121.335 1654036.812 1676877.687 1701173.263 1718705.210 1739202.604 1777680.255 1799363.473 1836263.024 1936906.714 2000114.094 2038508.226 2049750.864 2146092.632 2259828.239 2496478.260 2568918.066 3058094.074 4463492.861 22484908.08
