    unsorted:	 1542.125688 1542.124078 1542.124420 1542.383520 2092.864883 2075.838223 2023.019260 2016.392161 1998.307672 1988.319971 2229.312653 2237.018380 2181.239947 2315.495208 2345.572143 2384.580473 2391.899248 1879.075139 1869.627588 1816.326109 1809.349226 1785.632802 2467.169060 2507.992908 2577.409445 2607.278269 1696.229307 1662.610328 1535.190565 1529.074113 2655.778584 2748.168877 2800.354227 1465.601905 2881.890768 2958.865641 2975.964568 2993.964753 1340.444036 3154.153494 3170.975043 3344.381667 3391.515754 3412.662772 1229.110620 3563.585662 3592.981286 1142.362497 3729.534455 3790.918058 3985.009257 967.6977885 4078.843402 4207.075643 4340.034118 4458.558079 4591.749312 4776.429993 4999.706785 394.2652486 5298.392094 5399.128045 5500.161942 14.57809116 5883.489772 6102.014432 6421.345895 6782.187752 7147.630697 7377.956870 7650.246971 8019.058127 8301.434698 8458.053788 9055.572107 9494.766734 9756.358931 10026.87735 11082.40826 11600.94958 13400.81347 13681.51362 17150.91810 17595.65817 70456.51206 78998.26870 956618.9055 961988.1687 984825.2395 938785.9633 930399.0834 994755.3877 1009186.607 895040.8934 879077.4308 853039.7332 836411.6015 828836.9363 812719.6862 1038545.538 1074569.311 1078255.717 697405.1244 686058.9963 684880.2478 737224.7703 648168.5343 630157.1981 621375.6279 606057.3457 585880.6126 570210.1841 546224.7038 520080.0786 505396.1935 496814.9598 1138685.140 1154816.220 1211546.700 1205837.023 1217878.163 1222410.007 1185290.967 1241069.897 461999.7061 1278732.885 1283385.679 1338483.873 1348609.187 1372039.593 1387729.970 1404905.628 397286.0134 1439738.182 1448730.117 343071.3187 1472034.561 1495586.535 1559116.132 1605679.839 1609842.854 1638676.438 1662826.317 1678941.810 1686167.211 1742206.476 1752043.576 1878791.789 1949306.063 1986045.725 2059271.419 2101865.657 2205854.925 2434756.091 2549887.221 3356665.407 3676902.348 56479238.06
      sorted:	 14.57809116 394.2652486 967.6977885 1142.362497 1229.110620 1340.444036 1465.601905 1529.074113 1535.190565 1542.124078 1542.124420 1542.125688 1542.383520 1662.610328 1696.229307 1785.632802 1809.349226 1816.326109 1869.627588 1879.075139 1988.319971 1998.307672 2016.392161 2023.019260 2075.838223 2092.864883 2181.239947 2229.312653 2237.018380 2315.495208 2345.572143 2384.580473 2391.899248 2467.169060 2507.992908 2577.409445 2607.278269 2655.778584 2748.168877 2800.354227 2881.890768 2958.865641 2975.964568 2993.964753 3154.153494 3170.975043 3344.381667 3391.515754 3412.662772 3563.585662 3592.981286 3729.534455 3790.918058 3985.009257 4078.843402 4207.075643 4340.034118 4458.558079 4591.749312 4776.429993 4999.706785 5298.392094 5399.128045 5500.161942 5883.489772 6102.014432 6421.345895 6782.187752 7147.630697 7377.956870 7650.246971 8019.058127 8301.434698 8458.053788 9055.572107 9494.766734 9756.358931 10026.87735 11082.40826 11600.94958 13400.81347 13681.51362 17150.91810 17595.65817 70456.51206 78998.26870 343071.3187 397286.0134 461999.7061 496814.9598 505396.1935 520080.0786 546224.7038 570210.1841 585880.6126 606057.3457 621375.6279 630157.1981 648168.5343 684880.2478 686058.9963 697405.1244 737224.7703 812719.6862 828836.9363 836411.6015 853039.7332 879077.4308 895040.8934 930399.0834 938785.9633 956618.9055 961988.1687 984825.2395 994755.3877 1009186.607 1038545.538 1074569.311 1078255.717 1138685.140 1154816.220 1185290.967 1205837.023 1211546.700 1217878.163 1222410.007 1241069.897 1278732.885 1283385.679 1338483.873 1348609.187 1372039.593 1387729.970 1404905.628 1439738.182 1448730.117 1472034.561 1495586.535 1559116.132 1605679.839 1609842.854 1638676.438 1662826.317 1678941.810 1686167.211 1742206.476 1752043.576 1878791.789 1949306.063 1986045.725 2059271.419 2101865.657 2205854.925 2434756.091 2549887.221 3356665.407 3676902.348 56479238.06
