    unsorted:	 1542.125688 1542.125688 1542.124078 1542.124429 1542.334019 2092.861203 2075.787683 2022.603713 2015.333565 1998.042815 1988.311556 2237.007794 2225.556747 2180.393849 2299.895800 2343.518228 2382.830029 2390.316626 1879.068245 1869.573627 1816.325539 1809.307367 1782.377117 2452.907161 2507.709169 1695.827273 1662.610438 1535.176066 1529.072919 2577.149966 2607.252407 2655.776529 2748.170146 2800.249959 1465.600232 2881.774261 2958.236714 2975.962543 2993.837307 1340.440145 3153.841780 3170.974388 3344.354246 3391.168073 3412.625269 1228.885252 3563.584893 3592.944177 1142.353129 3729.440252 3790.853021 3984.350650 951.1175485 4078.124516 4194.441082 4337.564159 4444.964766 4588.039699 4761.744093 4989.170039 384.7048057 5293.431516 5381.307533 5496.624290 19.93542440 5878.551257 6099.755413 6417.503490 6781.000037 7124.183228 7344.998393 7648.035211 7981.429794 8297.064351 8457.067977 9048.975654 9494.399827 9756.161013 10026.47145 11082.39469 11600.93257 13400.32255 13681.34695 17150.80725 17595.64016 70456.51208 78996.18579 956548.3815 961988.1384 984783.5154 938779.7317 930398.8293 994753.5095 1009186.127 895040.7894 879077.3059 853039.4656 836411.1291 828836.6043 812719.3988 1038510.582 1074558.987 1077908.558 686058.4440 684880.1802 697405.0757 737222.0136 648167.5421 630156.3004 621375.4305 606056.7972 585880.4719 570210.0731 546224.7028 520079.6918 505395.4523 496814.8231 1138685.068 1154800.534 1211523.359 1205825.287 1217872.398 1222395.294 1183180.834 1241067.342 461999.5689 1278732.586 1283384.363 1338470.761 1348590.204 1370826.998 1387708.110 1404900.198 397285.9230 1439526.824 1448730.141 343071.3360 1472018.005 1490563.972 1549672.927 1605641.527 1609800.992 1638676.373 1662820.300 1678743.289 1686144.817 1717496.487 1746293.371 1763490.304 1911242.647 1950152.985 1986409.601 2082526.248 2117305.961 2233436.642 2434797.552 2551394.986 3357783.155 3703549.344 57203587.60
      sorted:	 19.93542440 384.7048057 951.1175485 1142.353129 1228.885252 1340.440145 1465.600232 1529.072919 1535.176066 1542.124078 1542.124429 1542.125688 1542.125688 1542.334019 1662.610438 1695.827273 1782.377117 1809.307367 1816.325539 1869.573627 1879.068245 1988.311556 1998.042815 2015.333565 2022.603713 2075.787683 2092.861203 2180.393849 2225.556747 2237.007794 2299.895800 2343.518228 2382.830029 2390.316626 2452.907161 2507.709169 2577.149966 2607.252407 2655.776529 2748.170146 2800.249959 2881.774261 2958.236714 2975.962543 2993.837307 3153.841780 3170.974388 3344.354246 3391.168073 3412.625269 3563.584893 3592.944177 3729.440252 3790.853021 3984.350650 4078.124516 4194.441082 4337.564159 4444.964766 4588.039699 4761.744093 4989.170039 5293.431516 5381.307533 5496.624290 5878.551257 6099.755413 6417.503490 6781.000037 7124.183228 7344.998393 7648.035211 7981.429794 8297.064351 8457.067977 9048.975654 9494.399827 9756.161013 10026.47145 11082.39469 11600.93257 13400.32255 13681.34695 17150.80725 17595.64016 70456.51208 78996.18579 343071.3360 397285.9230 461999.5689 496814.8231 505395.4523 520079.6918 546224.7028 570210.0731 585880.4719 606056.7972 621375.4305 630156.3004 648167.5421 684880.1802 686058.4440 697405.0757 737222.0136 812719.3988 828836.6043 836411.1291 853039.4656 879077.3059 895040.7894 930398.8293 938779.7317 956548.3815 961988.1384 984783.5154 994753.5095 1009186.127 1038510.582 1074558.987 1077908.558 1138685.068 1154800.534 1183180.834 1205825.287 1211523.359 1217872.398 1222395.294 1241067.342 1278732.586 1283384.363 1338470.761 1348590.204 1370826.998 1387708.110 1404900.198 1439526.824 1448730.141 1472018.005 1490563.972 1549672.927 1605641.527 1609800.992 1638676.373 1662820.300 1678743.289 1686144.817 1717496.487 1746293.371 1763490.304 1911242.647 1950152.985 1986409.601 2082526.248 2117305.961 2233436.642 2434797.552 2551394.986 3357783.155 3703549.344 57203587.60
