    unsorted:	 1542.125688 2887.297657 2869.924417 2903.962444 2843.486711 2764.146062 3059.633213 3101.957680 3121.628900 3188.321815 3203.321099 2553.213456 2531.362781 2592.693996 2503.344308 2435.447183 2347.308995 2316.983464 2304.956998 2231.613405 2150.154608 2140.927704 2177.626173 3327.804658 3361.633636 3425.154744 3547.728083 3570.980087 3622.361503 3750.571118 3883.348283 3866.242784 1880.897281 1539.559629 1536.981418 1513.597470 1670.531142 1453.888935 3988.819534 1361.299243 4079.620767 1285.108808 1223.823047 4367.656595 4442.152467 4471.045150 1126.692438 4623.199831 1055.792598 4852.920115 5019.468402 5179.326667 5723.177301 5798.931247 424.4716340 6028.845653 19.70421113 54.24270004 6318.348773 6720.783789 7005.360482 7204.909911 7576.417578 7736.071945 8527.883564 10496.44497 11150.16778 12147.16596 13364.90562 13432.86954 14772.75841 16895.96376 17685.11570 19852.40301 26709.69464 32442.46729 37919.73224 40534.95696 54708.39812 56233.05017 58666.57938 68210.12787 72276.12117 77436.32774 78479.76807 82975.05814 100772.7830 103427.1754 127322.5110 155806.1782 229403.1586 237741.2516 253234.2957 266263.8735 304142.0927 328551.6063 332813.2398 342444.3685 356703.5032 367418.5483 382483.0296 393562.0267 411978.5440 443515.4811 449635.5180 471478.6802 484438.1034 489207.4930 496113.2470 505404.9556 540475.1636 523195.6714 546080.8206 547341.5961 543899.6751 563219.7229 573663.3825 589907.9149 592311.9597 612102.4423 636025.0291 650969.3076 650074.1658 685350.5374 688971.7823 694809.9440 700603.4200 721855.0547 734997.9360 744398.0147 748622.4118 761989.7012 765940.3086 772180.1257 789712.8314 799822.8959 805463.5240 827795.3466 831660.1714 844123.4865 866721.2122 905409.1258 932182.7631 952843.1902 1007534.352 1029225.581 1055396.102 1067977.606 1118100.163 1136298.353 1193496.835 1241737.923 1265486.320 1357474.472 1419928.721 1441862.556 2382577.855 2751397.420 3241866.047 4154671.706 8193868.962 29714147.24 52392188.12 153884531.7
      sorted:	 19.70421113 54.24270004 424.4716340 1055.792598 1126.692438 1223.823047 1285.108808 1361.299243 1453.888935 1513.597470 1536.981418 1539.559629 1542.125688 1670.531142 1880.897281 2140.927704 2150.154608 2177.626173 2231.613405 2304.956998 2316.983464 2347.308995 2435.447183 2503.344308 2531.362781 2553.213456 2592.693996 2764.146062 2843.486711 2869.924417 2887.297657 2903.962444 3059.633213 3101.957680 3121.628900 3188.321815 3203.321099 3327.804658 3361.633636 3425.154744 3547.728083 3570.980087 3622.361503 3750.571118 3866.242784 3883.348283 3988.819534 4079.620767 4367.656595 4442.152467 4471.045150 4623.199831 4852.920115 5019.468402 5179.326667 5723.177301 5798.931247 6028.845653 6318.348773 6720.783789 7005.360482 7204.909911 7576.417578 7736.071945 8527.883564 10496.44497 11150.16778 12147.16596 13364.90562 13432.86954 14772.75841 16895.96376 17685.11570 19852.40301 26709.69464 32442.46729 37919.73224 40534.95696 54708.39812 56233.05017 58666.57938 68210.12787 72276.12117 77436.32774 78479.76807 82975.05814 100772.7830 103427.1754 127322.5110 155806.1782 229403.1586 237741.2516 253234.2957 266263.8735 304142.0927 328551.6063 332813.2398 342444.3685 356703.5032 367418.5483 382483.0296 393562.0267 411978.5440 443515.4811 449635.5180 471478.6802 484438.1034 489207.4930 496113.2470 505404.9556 523195.6714 540475.1636 543899.6751 546080.8206 547341.5961 563219.7229 573663.3825 589907.9149 592311.9597 612102.4423 636025.0291 650074.1658 650969.3076 685350.5374 688971.7823 694809.9440 700603.4200 721855.0547 734997.9360 744398.0147 748622.4118 761989.7012 765940.3086 772180.1257 789712.8314 799822.8959 805463.5240 827795.3466 831660.1714 844123.4865 866721.2122 905409.1258 932182.7631 952843.1902 1007534.352 1029225.581 1055396.102 1067977.606 1118100.163 1136298.353 1193496.835 1241737.923 1265486.320 1357474.472 1419928.721 1441862.556 2382577.855 2751397.420 3241866.047 4154671.706 8193868.962 29714147.24 52392188.12 153884531.7
