    unsorted:	 1542.125688 2889.143734 2887.229533 2868.591491 3062.655374 3038.346553 3105.115909 3139.473137 2771.188754 3202.904163 3255.423778 2711.641814 2553.234703 2531.532866 2587.016614 2502.025229 2345.676660 2359.799966 2306.344725 2234.046451 2196.659359 2149.935616 2159.526336 3357.037935 3424.419309 3541.207372 3567.937801 3625.276710 1882.272479 3750.822344 3781.624021 3882.477844 1790.302281 1539.599655 1536.491120 1645.925949 1520.155659 1453.580889 3988.264360 4041.167805 1291.004718 1240.741914 4198.355402 1165.474353 1126.166344 1056.137455 1012.088681 4465.159813 4492.423546 4558.524209 4852.123813 5008.514216 5172.619312 5551.015276 5765.062075 6023.228546 19.70432922 6513.975046 6839.120091 7097.313737 7382.305135 7547.554401 7760.936865 8730.026300 10087.41307 10954.97342 11239.17511 12193.99258 13398.88297 13705.51666 14785.57156 17067.46198 18094.09388 21004.98192 26713.46001 32594.36301 37967.13911 40543.70564 56007.29934 56521.30278 58693.61765 68210.09750 72304.12892 77465.66710 78563.27991 83012.37962 100785.1792 103547.6665 127449.1223 164011.6320 229429.4619 239377.0728 253662.9041 266596.2340 304200.4660 328614.7768 332872.3330 342572.5475 356955.4475 367499.0470 382554.3997 393748.7601 412037.5068 443564.6305 449808.7165 471537.4126 484581.4224 489278.0066 496182.9219 505520.0097 540540.8005 523538.0758 546154.6858 547428.5666 543967.8341 563293.5360 573754.2536 589979.3176 592462.0080 612327.6709 636087.7058 651073.9673 650199.8880 685455.5112 689112.4398 694882.8685 700749.5734 721975.1477 735146.2458 744623.9517 749148.6706 762084.4682 766072.9120 772283.8894 789832.7964 799913.6691 805571.2211 827907.3951 831757.3174 844222.6157 866821.5976 905538.1192 932309.6799 953218.9174 1007645.882 1029325.863 1055517.779 1068097.432 1118219.714 1136421.534 1193640.653 1241808.568 1265693.676 1357630.478 1420210.049 1442024.012 2382614.717 2751066.959 3241926.368 4154493.764 8192845.466 29713833.33 52391111.81 153883425.9
      sorted:	 19.70432922 1012.088681 1056.137455 1126.166344 1165.474353 1240.741914 1291.004718 1453.580889 1520.155659 1536.491120 1539.599655 1542.125688 1645.925949 1790.302281 1882.272479 2149.935616 2159.526336 2196.659359 2234.046451 2306.344725 2345.676660 2359.799966 2502.025229 2531.532866 2553.234703 2587.016614 2711.641814 2771.188754 2868.591491 2887.229533 2889.143734 3038.346553 3062.655374 3105.115909 3139.473137 3202.904163 3255.423778 3357.037935 3424.419309 3541.207372 3567.937801 3625.276710 3750.822344 3781.624021 3882.477844 3988.264360 4041.167805 4198.355402 4465.159813 4492.423546 4558.524209 4852.123813 5008.514216 5172.619312 5551.015276 5765.062075 6023.228546 6513.975046 6839.120091 7097.313737 7382.305135 7547.554401 7760.936865 8730.026300 10087.41307 10954.97342 11239.17511 12193.99258 13398.88297 13705.51666 14785.57156 17067.46198 18094.09388 21004.98192 26713.46001 32594.36301 37967.13911 40543.70564 56007.29934 56521.30278 58693.61765 68210.09750 72304.12892 77465.66710 78563.27991 83012.37962 100785.1792 103547.6665 127449.1223 164011.6320 229429.4619 239377.0728 253662.9041 266596.2340 304200.4660 328614.7768 332872.3330 342572.5475 356955.4475 367499.0470 382554.3997 393748.7601 412037.5068 443564.6305 449808.7165 471537.4126 484581.4224 489278.0066 496182.9219 505520.0097 523538.0758 540540.8005 543967.8341 546154.6858 547428.5666 563293.5360 573754.2536 589979.3176 592462.0080 612327.6709 636087.7058 650199.8880 651073.9673 685455.5112 689112.4398 694882.8685 700749.5734 721975.1477 735146.2458 744623.9517 749148.6706 762084.4682 766072.9120 772283.8894 789832.7964 799913.6691 805571.2211 827907.3951 831757.3174 844222.6157 866821.5976 905538.1192 932309.6799 953218.9174 1007645.882 1029325.863 1055517.779 1068097.432 1118219.714 1136421.534 1193640.653 1241808.568 1265693.676 1357630.478 1420210.049 1442024.012 2382614.717 2751066.959 3241926.368 4154493.764 8192845.466 29713833.33 52391111.81 153883425.9
