    unsorted:	 1542.125688 1542.114520 1542.114851 1542.358919 1531.620766 2026.623125 2029.227029 2037.258009 1952.075983 1971.767947 1843.672735 1862.922613 1790.156121 1776.461287 1772.242028 2197.080114 2185.363990 2131.296923 1637.051140 1614.996225 1510.376694 2272.670149 2296.989883 2352.665534 2372.409277 2447.133047 2504.604461 2485.809037 1460.662119 2608.096871 2691.419392 2705.480437 1370.617123 2789.209802 2847.770084 2941.121345 3057.430416 3032.266911 3137.611215 1286.071540 3263.387038 3299.616545 1190.527138 3448.172849 3502.015808 3524.295441 3700.582186 3753.876756 3886.953320 972.9624957 927.7385332 4035.845369 4155.256952 4288.739222 4399.393857 4535.723192 4633.665665 4872.057602 408.3591960 5109.319140 5391.912584 5571.657101 5795.416215 6009.488241 6221.149119 6541.544625 7030.636851 7305.970959 7545.473421 7978.361726 8296.842881 8723.470856 8967.332682 9411.189599 9791.758604 10205.76022 10335.24131 11549.74542 12062.65910 13309.04950 13558.56860 16508.85071 17017.34873 70459.84319 79407.46590 631994.6465 630843.6371 659722.3938 686274.5372 690163.6493 704044.5316 611393.6839 590877.5277 578516.2782 551673.7246 524658.0771 502106.5761 507890.4600 763212.7761 835366.6789 825576.2340 862477.6970 862123.5190 901429.8892 910223.3117 955025.0214 957263.1908 944511.3566 995728.9763 1000965.178 1024431.366 1032963.312 463406.6558 1091004.666 1102407.634 1135471.188 1148127.229 1217205.749 1216483.552 1215940.169 1191770.611 1247481.953 1251578.306 1270445.849 1271155.527 1286977.041 399059.3493 344366.8974 1381752.351 1406227.056 1442747.755 1444551.783 1456781.240 1467752.313 1491438.278 1508998.102 1552809.211 1617578.231 1621631.708 1644083.170 1658118.706 1684372.606 1701090.493 1756706.735 1774025.091 1808129.564 1908837.557 2015380.798 1996799.422 2023733.005 2109143.326 2211024.516 2476920.956 2545714.515 3018698.032 3353834.886 22413302.58
      sorted:	 408.3591960 927.7385332 972.9624957 1190.527138 1286.071540 1370.617123 1460.662119 1510.376694 1531.620766 1542.114520 1542.114851 1542.125688 1542.358919 1614.996225 1637.051140 1772.242028 1776.461287 1790.156121 1843.672735 1862.922613 1952.075983 1971.767947 2026.623125 2029.227029 2037.258009 2131.296923 2185.363990 2197.080114 2272.670149 2296.989883 2352.665534 2372.409277 2447.133047 2485.809037 2504.604461 2608.096871 2691.419392 2705.480437 2789.209802 2847.770084 2941.121345 3032.266911 3057.430416 3137.611215 3263.387038 3299.616545 3448.172849 3502.015808 3524.295441 3700.582186 3753.876756 3886.953320 4035.845369 4155.256952 4288.739222 4399.393857 4535.723192 4633.665665 4872.057602 5109.319140 5391.912584 5571.657101 5795.416215 6009.488241 6221.149119 6541.544625 7030.636851 7305.970959 7545.473421 7978.361726 8296.842881 8723.470856 8967.332682 9411.189599 9791.758604 10205.76022 10335.24131 11549.74542 12062.65910 13309.04950 13558.56860 16508.85071 17017.34873 70459.84319 79407.46590 344366.8974 399059.3493 463406.6558 502106.5761 507890.4600 524658.0771 551673.7246 578516.2782 590877.5277 611393.6839 630843.6371 631994.6465 659722.3938 686274.5372 690163.6493 704044.5316 763212.7761 825576.2340 835366.6789 862123.5190 862477.6970 901429.8892 910223.3117 944511.3566 955025.0214 957263.1908 995728.9763 1000965.178 1024431.366 1032963.312 1091004.666 1102407.634 1135471.188 1148127.229 1191770.611 1215940.169 1216483.552 1217205.749 1247481.953 1251578.306 1270445.849 1271155.527 1286977.041 1381752.351 1406227.056 1442747.755 1444551.783 1456781.240 1467752.313 1491438.278 1508998.102 1552809.211 1617578.231 1621631.708 1644083.170 1658118.706 1684372.606 1701090.493 1756706.735 1774025.091 1808129.564 1908837.557 1996799.422 2015380.798 2023733.005 2109143.326 2211024.516 2476920.956 2545714.515 3018698.032 3353834.886 22413302.58
