    unsorted:	 1542.125688 1542.110120 1542.110534 1542.374060 1531.374855 2234.050168 2237.805264 2107.610738 2088.850734 2049.970320 2167.786605 1968.405957 1980.283084 1894.081791 1914.504857 2362.768352 2337.235663 2387.838421 2419.017645 2506.959554 1792.744464 1780.717819 1686.892477 1609.954536 2575.467042 1493.115800 2653.567004 2670.167550 2739.293125 2798.558819 1431.457972 1410.070419 2862.812577 2898.529890 3002.868569 3055.642012 3070.232215 1309.441435 1296.052902 3215.890687 3263.281527 3406.221116 3455.530964 3499.404167 1123.858402 3689.510538 3726.725131 1046.290154 3867.701875 4026.156020 4134.889140 837.8169088 4294.440162 4345.161695 4533.102458 4628.451253 4886.461761 5025.493837 453.8185280 5151.618463 5492.233741 5634.221441 6006.794480 6249.099692 6553.336231 7194.619002 7369.683467 7659.509872 8332.542510 8471.278089 9318.334126 9486.732994 9973.144746 10466.29047 10501.61687 10789.69385 11604.87196 11995.04100 12600.97778 13501.05424 13794.18096 16781.03130 17312.72207 70455.21099 79550.45405 675396.1722 677099.8747 685159.1414 650386.8158 621494.5769 618069.0419 595268.1121 580956.7966 712485.3148 559737.4902 511985.4303 526798.7907 500096.7470 773762.0453 827788.7153 816509.9424 859990.6720 855883.4081 923663.8111 931535.0917 959136.1168 987182.7449 997809.7887 1032438.275 1025303.448 1056310.268 1113953.457 1119834.618 1141580.044 1146037.603 1171194.110 1201773.448 1218064.610 1228414.922 1244782.732 1269476.118 1276933.713 1303509.847 1307299.397 1312863.388 463484.7724 399166.4349 345120.9010 1401000.208 1440788.890 1471851.937 1478039.716 1479403.313 1487167.266 1523339.947 1540266.528 1571564.694 1641321.710 1653961.178 1677252.387 1700997.707 1718525.697 1739016.521 1777515.948 1799926.716 1837696.417 1937360.877 1999941.136 2049581.098 2040451.509 2145877.546 2259631.098 2496261.313 2568685.301 3058295.921 4463522.879 22502687.06
      sorted:	 453.8185280 837.8169088 1046.290154 1123.858402 1296.052902 1309.441435 1410.070419 1431.457972 1493.115800 1531.374855 1542.110120 1542.110534 1542.125688 1542.374060 1609.954536 1686.892477 1780.717819 1792.744464 1894.081791 1914.504857 1968.405957 1980.283084 2049.970320 2088.850734 2107.610738 2167.786605 2234.050168 2237.805264 2337.235663 2362.768352 2387.838421 2419.017645 2506.959554 2575.467042 2653.567004 2670.167550 2739.293125 2798.558819 2862.812577 2898.529890 3002.868569 3055.642012 3070.232215 3215.890687 3263.281527 3406.221116 3455.530964 3499.404167 3689.510538 3726.725131 3867.701875 4026.156020 4134.889140 4294.440162 4345.161695 4533.102458 4628.451253 4886.461761 5025.493837 5151.618463 5492.233741 5634.221441 6006.794480 6249.099692 6553.336231 7194.619002 7369.683467 7659.509872 8332.542510 8471.278089 9318.334126 9486.732994 9973.144746 10466.29047 10501.61687 10789.69385 11604.87196 11995.04100 12600.97778 13501.05424 13794.18096 16781.03130 17312.72207 70455.21099 79550.45405 345120.9010 399166.4349 463484.7724 500096.7470 511985.4303 526798.7907 559737.4902 580956.7966 595268.1121 618069.0419 621494.5769 650386.8158 675396.1722 677099.8747 685159.1414 712485.3148 773762.0453 816509.9424 827788.7153 855883.4081 859990.6720 923663.8111 931535.0917 959136.1168 987182.7449 997809.7887 1025303.448 1032438.275 1056310.268 1113953.457 1119834.618 1141580.044 1146037.603 1171194.110 1201773.448 1218064.610 1228414.922 1244782.732 1269476.118 1276933.713 1303509.847 1307299.397 1312863.388 1401000.208 1440788.890 1471851.937 1478039.716 1479403.313 1487167.266 1523339.947 1540266.528 1571564.694 1641321.710 1653961.178 1677252.387 1700997.707 1718525.697 1739016.521 1777515.948 1799926.716 1837696.417 1937360.877 1999941.136 2040451.509 2049581.098 2145877.546 2259631.098 2496261.313 2568685.301 3058295.921 4463522.879 22502687.06
