    unsorted:	 1542.125688 1542.110070 1542.110549 1542.391575 2233.287269 2236.990143 2106.842759 2088.241118 2058.643891 2167.032031 1967.686371 1979.413012 1893.357407 1913.767432 2362.024813 2336.373588 2387.101534 2427.597634 1792.977087 1784.067082 2506.230665 2574.707147 1686.118915 1609.314466 1531.367267 2651.239719 2665.034876 2735.752334 1492.909890 2796.764289 2863.065831 2896.816767 3001.930953 1430.568327 1409.616295 3054.947636 3070.669185 1308.941772 1296.033421 3214.825692 3263.625770 3405.259551 3454.661061 3499.542758 3689.162975 1123.307741 3725.844995 3866.959068 1039.013359 4025.318394 4134.639154 4295.079317 4346.638149 837.0659707 4533.583099 4629.999916 4886.982868 5024.828199 5152.425726 451.1721632 5491.312871 5631.320822 6004.430014 6247.855784 6551.415780 7193.693453 7366.886348 7651.012308 8328.738049 8457.909985 9298.201723 9477.675643 9971.849110 10465.77274 10499.07401 10766.09123 11600.44614 11990.32558 12596.83393 13499.02180 13793.08424 16779.88067 17312.12389 24177.66757 70455.34070 79588.08593 677153.2606 675478.3472 685232.4854 650439.2560 621566.4873 618140.3237 595328.9366 581025.6946 712564.3071 559801.0963 512044.1521 526855.7243 500158.0015 773820.5552 827867.0948 816592.6580 855958.6555 860134.7099 923787.2771 931566.9372 959218.9492 987218.5936 997887.5091 1032507.328 1025419.108 1056446.260 463539.1856 1114028.517 1119895.213 1141654.097 1146080.859 1171175.835 1201880.721 1218164.880 1228447.000 1244900.759 1269279.191 1276936.361 1303541.918 1307418.908 1312972.666 399213.9197 345164.3345 1401054.841 1440860.400 1471272.700 1477841.676 1479301.938 1487190.869 1523471.955 1540213.379 1570971.947 1640424.607 1654035.367 1676990.667 1701150.533 1718681.975 1739178.105 1777661.889 1799525.445 1836610.375 1937028.396 2000095.229 2049731.545 2038973.226 2146064.832 2259802.377 2496451.737 2568890.018 3058153.244 4463498.038 22488857.97
      sorted:	 451.1721632 837.0659707 1039.013359 1123.307741 1296.033421 1308.941772 1409.616295 1430.568327 1492.909890 1531.367267 1542.110070 1542.110549 1542.125688 1542.391575 1609.314466 1686.118915 1784.067082 1792.977087 1893.357407 1913.767432 1967.686371 1979.413012 2058.643891 2088.241118 2106.842759 2167.032031 2233.287269 2236.990143 2336.373588 2362.024813 2387.101534 2427.597634 2506.230665 2574.707147 2651.239719 2665.034876 2735.752334 2796.764289 2863.065831 2896.816767 3001.930953 3054.947636 3070.669185 3214.825692 3263.625770 3405.259551 3454.661061 3499.542758 3689.162975 3725.844995 3866.959068 4025.318394 4134.639154 4295.079317 4346.638149 4533.583099 4629.999916 4886.982868 5024.828199 5152.425726 5491.312871 5631.320822 6004.430014 6247.855784 6551.415780 7193.693453 7366.886348 7651.012308 8328.738049 8457.909985 9298.201723 9477.675643 9971.849110 10465.77274 10499.07401 10766.09123 11600.44614 11990.32558 12596.83393 13499.02180 13793.08424 16779.88067 17312.12389 24177.66757 70455.34070 79588.08593 345164.3345 399213.9197 463539.1856 500158.0015 512044.1521 526855.7243 559801.0963 581025.6946 595328.9366 618140.3237 621566.4873 650439.2560 675478.3472 677153.2606 685232.4854 712564.3071 773820.5552 816592.6580 827867.0948 855958.6555 860134.7099 923787.2771 931566.9372 959218.9492 987218.5936 997887.5091 1025419.108 1032507.328 1056446.260 1114028.517 1119895.213 1141654.097 1146080.859 1171175.835 1201880.721 1218164.880 1228447.000 1244900.759 1269279.191 1276936.361 1303541.918 1307418.908 1312972.666 1401054.841 1440860.400 1471272.700 1477841.676 1479301.938 1487190.869 1523471.955 1540213.379 1570971.947 1640424.607 1654035.367 1676990.667 1701150.533 1718681.975 1739178.105 1777661.889 1799525.445 1836610.375 1937028.396 2000095.229 2038973.226 2049731.545 2146064.832 2259802.377 2496451.737 2568890.018 3058153.244 4463498.038 22488857.97
