    unsorted:	 1542.125688 2073.440121 2079.390477 2113.664103 2142.872374 2165.335443 2042.222294 2027.263914 1982.651135 2247.035355 1915.738525 1912.533137 2320.096520 2326.025696 2308.329278 2369.029619 1843.647927 2464.861122 1771.578753 1730.485542 1702.437010 1669.821618 1543.555540 1541.740547 1550.749866 1568.240137 1604.017082 1522.157625 1500.085655 2565.845174 2596.930004 2658.138305 2678.801345 2737.269833 2811.392424 2827.833013 2880.849897 2956.893200 2998.322325 3088.423389 3150.714266 1411.218755 3214.203309 3303.797742 3355.047687 3420.724285 3470.455542 3574.935323 3728.758978 3879.825925 3977.328534 4041.796863 4104.283344 4330.571383 4415.926356 4585.596367 4664.105854 4758.467521 4796.154613 785.0579337 4996.390271 5147.582209 480.5972738 5307.516190 5553.058630 5702.284060 8.977715839 18.82842871 5930.780413 6184.296618 6282.553978 6561.650118 6838.177194 7182.388584 7458.373042 8105.421618 8276.123470 8547.533181 9542.615858 9928.075246 10591.60462 11171.15050 11527.08298 12486.95435 16396.59331 17041.28919 18904.79579 370212.0288 370038.2658 367388.6542 375095.5021 379978.2288 383162.3453 385787.7757 354849.4529 395968.9948 397409.2020 403299.7183 344835.9414 340742.4527 338805.6591 407864.1120 324825.6895 312242.2889 306732.9442 302677.0287 295431.5324 287373.8062 285740.2374 276534.2068 277235.6543 268520.9045 420624.0988 424657.8802 427119.0489 259408.2568 248921.3567 244002.0074 235892.1825 233495.9927 441774.3635 221644.2924 450990.9930 461756.0535 468654.6827 207095.2383 478376.7406 481757.5709 498268.3247 504899.1476 512784.0587 173185.7074 526478.9423 69348.80074 57802.96038 79820.75598 553255.1008 559518.4511 570414.0368 587294.8284 597905.7424 618731.8399 645778.6815 661549.5148 672080.4504 687817.4999 698349.6530 710700.2575 742204.7017 777794.1499 796213.1538 827513.9515 861842.2428 876832.0111 976011.8191 991690.9359 1004707.232 1075611.570 1315324.034 1524958.288 2973447.203 3431099.204 11528604.18 168260472.5
      sorted:	 8.977715839 18.82842871 480.5972738 785.0579337 1411.218755 1500.085655 1522.157625 1541.740547 1542.125688 1543.555540 1550.749866 1568.240137 1604.017082 1669.821618 1702.437010 1730.485542 1771.578753 1843.647927 1912.533137 1915.738525 1982.651135 2027.263914 2042.222294 2073.440121 2079.390477 2113.664103 2142.872374 2165.335443 2247.035355 2308.329278 2320.096520 2326.025696 2369.029619 2464.861122 2565.845174 2596.930004 2658.138305 2678.801345 2737.269833 2811.392424 2827.833013 2880.849897 2956.893200 2998.322325 3088.423389 3150.714266 3214.203309 3303.797742 3355.047687 3420.724285 3470.455542 3574.935323 3728.758978 3879.825925 3977.328534 4041.796863 4104.283344 4330.571383 4415.926356 4585.596367 4664.105854 4758.467521 4796.154613 4996.390271 5147.582209 5307.516190 5553.058630 5702.284060 5930.780413 6184.296618 6282.553978 6561.650118 6838.177194 7182.388584 7458.373042 8105.421618 8276.123470 8547.533181 9542.615858 9928.075246 10591.60462 11171.15050 11527.08298 12486.95435 16396.59331 17041.28919 18904.79579 57802.96038 69348.80074 79820.75598 173185.7074 207095.2383 221644.2924 233495.9927 235892.1825 244002.0074 248921.3567 259408.2568 268520.9045 276534.2068 277235.6543 285740.2374 287373.8062 295431.5324 302677.0287 306732.9442 312242.2889 324825.6895 338805.6591 340742.4527 344835.9414 354849.4529 367388.6542 370038.2658 370212.0288 375095.5021 379978.2288 383162.3453 385787.7757 395968.9948 397409.2020 403299.7183 407864.1120 420624.0988 424657.8802 427119.0489 441774.3635 450990.9930 461756.0535 468654.6827 478376.7406 481757.5709 498268.3247 504899.1476 512784.0587 526478.9423 553255.1008 559518.4511 570414.0368 587294.8284 597905.7424 618731.8399 645778.6815 661549.5148 672080.4504 687817.4999 698349.6530 710700.2575 742204.7017 777794.1499 796213.1538 827513.9515 861842.2428 876832.0111 976011.8191 991690.9359 1004707.232 1075611.570 1315324.034 1524958.288 2973447.203 3431099.204 11528604.18 168260472.5
